# Created by Octave 4.0.3, Mon Nov 18 09:49:19 2024 CST <Carely@MacBook-Pro-de-mac.local>
# name: E
# type: matrix
# rows: 30
# columns: 3
 2 55 54
 42 87 46
 80 130 51
 118 169 52
 163 209 47
 204 245 42
 242 298 57
 281 329 49
 322 366 45
 361 410 50
 401 450 50
 445 489 45
 484 529 46
 522 569 48
 562 609 48
 601 650 50
 642 688 47
 679 729 51
 723 770 48
 761 810 50
 802 847 46
 841 889 49
 873 927 55
 923 970 48
 962 1009 48
 1001 1049 49
 1041 1088 48
 1082 1130 49
 1116 1168 53
 1164 1209 46


