# Created by Octave 4.0.3, Mon Nov 18 09:45:46 2024 CST <Carely@MacBook-Pro-de-mac.local>
# name: E
# type: matrix
# rows: 30
# columns: 3
 2 48 47
 31 94 64
 89 128 40
 120 170 51
 161 209 49
 201 249 49
 242 289 48
 284 329 46
 323 368 46
 363 410 48
 401 450 50
 439 490 52
 481 530 50
 515 570 56
 563 610 48
 601 652 52
 634 688 55
 689 730 42
 712 768 57
 762 807 46
 794 859 66
 848 890 43
 881 936 56
 923 967 45
 961 1010 50
 1001 1050 50
 1041 1090 50
 1083 1128 46
 1122 1169 48
 1161 1205 45


