# Created by Octave 4.0.3, Mon Nov 18 09:49:19 2024 CST <Carely@MacBook-Pro-de-mac.local>
# name: Frec
# type: matrix
# rows: 15
# columns: 30
 0 1 0 0 1 0 0 0 0 1 1 0 0 0 1 1 0 1 0 0 0 1 1 0 0 0 1 1 0 0
 1 1 1 2 1 0 1 1 2 2 0 0 2 0 0 0 0 1 2 1 2 1 1 2 1 0 2 3 0 0
 4 1 2 0 1 3 2 3 4 0 3 1 3 3 4 3 0 0 1 3 2 3 0 3 1 1 4 2 3 3
 1 0 8 6 7 4 4 6 6 1 7 0 3 7 1 3 3 4 8 4 8 2 6 3 0 4 5 3 6 4
 1 0 0 0 1 1 1 1 0 1 0 0 1 1 1 0 0 0 0 1 1 0 1 0 0 0 1 1 0 1
 2 1 3 1 1 2 0 1 1 2 0 1 0 1 3 2 2 3 1 0 0 3 2 1 1 2 1 1 1 1
 3 1 2 4 2 2 0 3 0 1 4 0 2 3 4 1 4 1 3 3 2 3 2 1 2 4 2 1 3 3
 3 3 4 4 3 0 3 2 0 1 5 1 5 3 3 6 1 5 2 6 5 4 3 6 3 5 3 5 5 6
 1 0 1 0 0 0 0 0 0 1 0 1 0 0 0 0 0 0 0 0 1 0 0 1 0 1 0 0 0 0
 1 1 0 2 2 0 0 0 1 1 2 2 2 0 2 2 0 0 2 2 1 1 1 3 2 1 2 1 0 2
 4 0 2 6 2 3 3 2 4 3 5 0 1 4 4 2 0 4 3 4 0 3 2 2 3 0 5 2 0 4
 0 6 6 6 2 2 0 6 3 3 6 0 1 0 1 0 0 2 0 3 2 4 1 5 6 6 1 1 4 2
 0 0 1 3 4 2 5 2 3 3 4 5 2 1 3 5 6 3 2 3 4 0 6 2 0 3 2 5 3 5
 3 0 1 1 2 2 1 0 1 0 2 0 2 2 4 0 0 3 0 1 0 1 0 1 0 2 2 3 4 2
 0 0 1 3 2 1 0 1 3 1 2 2 0 0 0 0 0 0 1 3 0 0 1 3 0 0 2 0 0 0


