# Created by Octave 4.0.3, Mon Nov 18 09:45:46 2024 CST <Carely@MacBook-Pro-de-mac.local>
# name: Lista
# type: matrix
# rows: 1104
# columns: 3
 40 1 1
 49 2 1
 161 4 1
 323 8 1
 613 16 1
 797 20 1
 885 22 1
 13 1 2
 89 3 2
 158 4 2
 242 6 2
 267 7 2
 271 7 2
 397 10 2
 439 11 2
 445 11 2
 527 14 2
 548 14 2
 617 16 2
 659 17 2
 729 19 2
 774 20 2
 807 20 2
 832 21 2
 880 22 2
 884 22 2
 920 23 2
 934 24 2
 965 25 2
 995 25 2
 1084 28 2
 1169 30 2
 5 1 3
 39 1 3
 45 1 3
 56 2 3
 64 2 3
 76 2 3
 90 2 3
 201 6 3
 206 6 3
 249 6 3
 285 8 3
 304 8 3
 315 8 3
 322 8 3
 323 9 3
 326 9 3
 337 9 3
 341 9 3
 351 9 3
 387 10 3
 407 10 3
 425 11 3
 427 11 3
 434 11 3
 449 11 3
 454 12 3
 458 12 3
 471 12 3
 483 12 3
 488 12 3
 489 12 3
 499 13 3
 505 13 3
 521 14 3
 523 14 3
 533 14 3
 535 14 3
 539 14 3
 544 14 3
 567 14 3
 568 15 3
 571 15 3
 591 15 3
 601 16 3
 606 16 3
 609 16 3
 610 16 3
 625 16 3
 643 16 3
 689 18 3
 721 18 3
 727 18 3
 721 19 3
 728 19 3
 729 19 3
 738 19 3
 753 19 3
 761 19 3
 762 20 3
 785 20 3
 786 20 3
 804 20 3
 805 20 3
 812 21 3
 820 21 3
 835 21 3
 851 22 3
 854 22 3
 857 22 3
 875 22 3
 879 22 3
 882 22 3
 886 22 3
 945 24 3
 949 24 3
 961 24 3
 966 25 3
 1001 26 3
 1011 26 3
 1022 26 3
 1030 26 3
 1033 26 3
 1035 26 3
 1041 26 3
 1090 27 3
 1090 28 3
 1091 28 3
 1122 28 3
 1124 28 3
 1128 28 3
 1144 29 3
 1174 30 3
 1201 30 3
 4 1 4
 6 1 4
 18 1 4
 21 1 4
 27 1 4
 46 1 4
 50 2 4
 70 2 4
 80 2 4
 101 3 4
 112 3 4
 127 3 4
 121 4 4
 124 4 4
 142 4 4
 143 4 4
 152 4 4
 169 4 4
 170 4 4
 165 5 4
 171 5 4
 173 5 4
 179 5 4
 181 5 4
 192 5 4
 200 5 4
 246 7 4
 250 7 4
 259 7 4
 263 7 4
 324 9 4
 334 9 4
 336 9 4
 348 9 4
 355 9 4
 366 9 4
 378 10 4
 401 11 4
 410 11 4
 413 11 4
 418 11 4
 419 11 4
 424 11 4
 428 11 4
 430 11 4
 436 11 4
 443 12 4
 448 12 4
 462 12 4
 472 12 4
 474 12 4
 487 12 4
 491 13 4
 511 13 4
 512 13 4
 513 13 4
 516 13 4
 520 13 4
 524 13 4
 527 13 4
 531 14 4
 539 14 4
 563 15 4
 564 15 4
 569 15 4
 583 15 4
 597 15 4
 605 15 4
 608 15 4
 609 15 4
 602 16 4
 611 16 4
 620 16 4
 629 16 4
 644 16 4
 646 16 4
 644 17 4
 666 17 4
 712 18 4
 720 18 4
 733 19 4
 738 19 4
 742 19 4
 750 19 4
 751 19 4
 760 19 4
 761 19 4
 764 19 4
 767 19 4
 767 20 4
 778 20 4
 788 20 4
 792 20 4
 794 20 4
 795 20 4
 805 20 4
 828 21 4
 830 21 4
 831 21 4
 841 21 4
 848 21 4
 857 22 4
 869 22 4
 896 23 4
 907 23 4
 924 24 4
 929 24 4
 930 24 4
 934 24 4
 943 24 4
 954 24 4
 963 24 4
 965 24 4
 967 24 4
 970 25 4
 972 25 4
 980 25 4
 986 25 4
 987 25 4
 998 25 4
 1001 25 4
 1010 25 4
 1005 26 4
 1052 27 4
 1055 27 4
 1056 27 4
 1059 27 4
 1076 27 4
 1086 27 4
 1087 27 4
 1088 27 4
 1096 28 4
 1099 28 4
 1104 28 4
 1105 28 4
 1107 28 4
 1134 29 4
 1142 29 4
 1156 29 4
 1157 29 4
 1158 29 4
 1165 30 4
 1176 30 4
 82 2 5
 296 8 5
 367 10 5
 635 16 5
 718 18 5
 847 21 5
 924 23 5
 1096 28 5
 1146 29 5
 1164 30 5
 42 2 6
 103 3 6
 104 3 6
 142 4 6
 172 5 6
 187 5 6
 245 6 6
 247 6 6
 266 7 6
 324 9 6
 359 9 6
 362 9 6
 405 10 6
 412 11 6
 417 11 6
 447 11 6
 478 12 6
 501 13 6
 512 13 6
 526 14 6
 541 14 6
 549 14 6
 589 15 6
 599 15 6
 607 16 6
 634 16 6
 665 17 6
 709 18 6
 726 18 6
 727 18 6
 722 19 6
 769 20 6
 804 21 6
 815 21 6
 830 21 6
 861 22 6
 882 22 6
 890 22 6
 892 23 6
 908 23 6
 937 24 6
 951 24 6
 987 25 6
 989 25 6
 1008 25 6
 1013 26 6
 1044 26 6
 1050 26 6
 1083 28 6
 1153 29 6
 1159 29 6
 1162 30 6
 1163 30 6
 18 1 7
 100 3 7
 111 3 7
 113 3 7
 116 3 7
 126 3 7
 139 4 7
 152 4 7
 168 4 7
 202 5 7
 219 6 7
 226 6 7
 243 6 7
 248 6 7
 287 7 7
 292 8 7
 307 8 7
 328 8 7
 342 9 7
 403 10 7
 412 11 7
 433 11 7
 437 11 7
 449 11 7
 484 13 7
 485 13 7
 490 13 7
 498 13 7
 532 14 7
 542 14 7
 558 14 7
 564 14 7
 568 14 7
 610 16 7
 612 16 7
 615 16 7
 621 16 7
 634 16 7
 646 16 7
 644 17 7
 649 17 7
 658 17 7
 675 17 7
 688 17 7
 712 18 7
 721 18 7
 728 18 7
 735 19 7
 745 19 7
 758 19 7
 764 20 7
 799 20 7
 802 21 7
 819 21 7
 822 21 7
 824 21 7
 826 21 7
 837 21 7
 848 21 7
 856 22 7
 888 23 7
 898 23 7
 904 23 7
 905 23 7
 925 23 7
 967 25 7
 992 25 7
 993 25 7
 996 25 7
 999 25 7
 1000 25 7
 1042 27 7
 1049 27 7
 1050 27 7
 1062 27 7
 1065 27 7
 1078 27 7
 1082 27 7
 1091 28 7
 1101 28 7
 1105 28 7
 1128 29 7
 1163 30 7
 1201 30 7
 1202 30 7
 8 1 8
 9 1 8
 10 1 8
 15 1 8
 16 1 8
 17 1 8
 32 1 8
 40 1 8
 48 1 8
 44 2 8
 45 2 8
 46 2 8
 54 2 8
 60 2 8
 65 2 8
 67 2 8
 69 2 8
 86 2 8
 117 3 8
 121 4 8
 122 4 8
 125 4 8
 130 4 8
 136 4 8
 137 4 8
 138 4 8
 162 4 8
 168 4 8
 165 5 8
 171 5 8
 172 5 8
 189 5 8
 194 5 8
 200 5 8
 209 5 8
 270 7 8
 306 8 8
 307 8 8
 321 8 8
 323 8 8
 329 9 8
 334 9 8
 343 9 8
 344 9 8
 349 9 8
 352 9 8
 355 9 8
 363 9 8
 364 9 8
 371 10 8
 373 10 8
 374 10 8
 378 10 8
 380 10 8
 385 10 8
 388 10 8
 395 10 8
 405 10 8
 402 11 8
 407 11 8
 415 11 8
 421 11 8
 425 11 8
 441 11 8
 446 11 8
 448 11 8
 447 12 8
 454 12 8
 463 12 8
 479 12 8
 490 12 8
 497 13 8
 510 13 8
 521 14 8
 544 14 8
 548 14 8
 552 14 8
 555 14 8
 557 14 8
 560 14 8
 566 14 8
 570 14 8
 588 15 8
 597 15 8
 604 15 8
 608 16 8
 648 17 8
 655 17 8
 657 17 8
 665 17 8
 677 17 8
 683 17 8
 686 17 8
 690 18 8
 693 18 8
 694 18 8
 708 18 8
 714 18 8
 727 18 8
 722 19 8
 746 19 8
 752 19 8
 757 19 8
 759 19 8
 761 19 8
 765 19 8
 764 20 8
 767 20 8
 775 20 8
 782 20 8
 785 20 8
 790 20 8
 796 20 8
 807 20 8
 806 21 8
 809 21 8
 828 21 8
 832 21 8
 834 21 8
 836 21 8
 849 21 8
 848 22 8
 855 22 8
 858 22 8
 859 22 8
 861 22 8
 875 22 8
 880 22 8
 884 22 8
 881 23 8
 897 23 8
 898 23 8
 900 23 8
 915 23 8
 928 23 8
 937 24 8
 943 24 8
 966 25 8
 972 25 8
 987 25 8
 1001 25 8
 1033 26 8
 1085 28 8
 1098 28 8
 1117 28 8
 1142 29 8
 1167 30 8
 1173 30 8
 1175 30 8
 1180 30 8
 1182 30 8
 1187 30 8
 1189 30 8
 1192 30 8
 1194 30 8
 1199 30 8
 128 4 9
 161 4 9
 198 5 9
 285 7 9
 442 12 9
 450 12 9
 545 14 9
 583 15 9
 610 15 9
 645 16 9
 649 16 9
 645 17 9
 698 18 9
 788 20 9
 853 22 9
 913 23 9
 975 25 9
 990 25 9
 1084 28 9
 1169 29 9
 1163 30 9
 28 1 10
 30 1 10
 102 3 10
 131 4 10
 136 4 10
 176 5 10
 187 5 10
 201 5 10
 269 7 10
 354 9 10
 375 10 10
 406 10 10
 421 11 10
 441 11 10
 450 11 10
 450 12 10
 474 12 10
 486 12 10
 500 13 10
 557 14 10
 559 14 10
 563 14 10
 573 15 10
 587 15 10
 600 15 10
 644 17 10
 652 17 10
 722 19 10
 748 19 10
 768 19 10
 802 21 10
 816 21 10
 825 21 10
 859 22 10
 940 24 10
 941 24 10
 960 24 10
 1125 29 10
 1166 29 10
 1181 30 10
 1192 30 10
 1205 30 10
 3 1 11
 18 1 11
 20 1 11
 39 1 11
 45 1 11
 52 2 11
 82 2 11
 88 2 11
 89 3 11
 125 4 11
 135 4 11
 150 4 11
 223 6 11
 228 6 11
 237 6 11
 242 6 11
 242 7 11
 314 8 11
 323 8 11
 324 8 11
 327 8 11
 326 9 11
 353 9 11
 357 9 11
 363 9 11
 375 10 11
 389 10 11
 401 10 11
 442 12 11
 458 12 11
 486 12 11
 505 13 11
 508 13 11
 512 13 11
 515 13 11
 518 13 11
 527 13 11
 526 14 11
 539 14 11
 545 14 11
 566 14 11
 584 15 11
 588 15 11
 591 15 11
 593 15 11
 607 15 11
 618 16 11
 636 16 11
 645 16 11
 718 18 11
 736 19 11
 739 19 11
 749 19 11
 752 19 11
 756 19 11
 762 20 11
 764 20 11
 783 20 11
 796 20 11
 800 20 11
 825 21 11
 839 21 11
 850 21 11
 857 22 11
 886 23 11
 893 23 11
 956 24 11
 961 25 11
 964 25 11
 1008 25 11
 1001 26 11
 1009 26 11
 1018 26 11
 1023 26 11
 1025 26 11
 1026 26 11
 1054 27 11
 1062 27 11
 1070 27 11
 1077 27 11
 1084 28 11
 1087 28 11
 1097 28 11
 1156 29 11
 1179 30 11
 1180 30 11
 1184 30 11
 1205 30 11
 29 1 12
 41 1 12
 50 2 12
 58 2 12
 59 2 12
 70 2 12
 85 2 12
 88 2 12
 89 2 12
 115 3 12
 116 3 12
 118 3 12
 128 3 12
 129 4 12
 136 4 12
 148 4 12
 151 4 12
 169 4 12
 161 5 12
 168 5 12
 174 5 12
 179 5 12
 191 5 12
 198 5 12
 200 5 12
 204 5 12
 209 5 12
 203 6 12
 218 6 12
 222 6 12
 225 6 12
 226 6 12
 246 6 12
 249 6 12
 251 7 12
 253 7 12
 256 7 12
 261 7 12
 267 7 12
 268 7 12
 316 8 12
 319 8 12
 326 8 12
 329 8 12
 349 9 12
 363 10 12
 371 10 12
 374 10 12
 389 10 12
 392 10 12
 399 10 12
 408 10 12
 410 10 12
 406 11 12
 409 11 12
 414 11 12
 419 11 12
 423 11 12
 438 11 12
 494 13 12
 517 13 12
 519 13 12
