# Created by Octave 4.0.3, Mon Nov 18 09:49:19 2024 CST <Carely@MacBook-Pro-de-mac.local>
# name: Lista
# type: matrix
# rows: 806
# columns: 3
 47 2 1
 194 5 1
 397 10 1
 423 11 1
 571 15 1
 615 16 1
 684 18 1
 849 22 1
 915 23 1
 1062 27 1
 1084 28 1
 18 1 2
 49 2 2
 93 3 2
 129 4 2
 130 4 2
 182 5 2
 276 7 2
 284 8 2
 328 9 2
 345 9 2
 362 10 2
 401 10 2
 487 13 2
 490 13 2
 728 18 2
 757 19 2
 762 19 2
 810 20 2
 838 21 2
 845 21 2
 871 22 2
 886 23 2
 949 24 2
 970 24 2
 987 25 2
 1065 27 2
 1082 27 2
 1095 28 2
 1101 28 2
 1122 28 2
 5 1 3
 10 1 3
 16 1 3
 42 1 3
 68 2 3
 107 3 3
 117 3 3
 189 5 3
 221 6 3
 231 6 3
 232 6 3
 253 7 3
 276 7 3
 300 8 3
 313 8 3
 325 8 3
 326 9 3
 337 9 3
 345 9 3
 351 9 3
 407 11 3
 409 11 3
 438 11 3
 445 12 3
 484 13 3
 489 13 3
 490 13 3
 541 14 3
 547 14 3
 565 14 3
 579 15 3
 583 15 3
 594 15 3
 604 15 3
 601 16 3
 621 16 3
 644 16 3
 744 19 3
 763 20 3
 770 20 3
 801 20 3
 803 21 3
 820 21 3
 845 22 3
 855 22 3
 881 22 3
 938 24 3
 952 24 3
 962 24 3
 971 25 3
 1039 26 3
 1069 27 3
 1075 27 3
 1077 27 3
 1081 27 3
 1083 28 3
 1128 28 3
 1125 29 3
 1160 29 3
 1161 29 3
 1165 30 3
 1199 30 3
 1208 30 3
 33 1 4
 89 3 4
 93 3 4
 98 3 4
 99 3 4
 104 3 4
 108 3 4
 119 3 4
 129 3 4
 127 4 4
 131 4 4
 133 4 4
 143 4 4
 151 4 4
 165 4 4
 163 5 4
 177 5 4
 184 5 4
 185 5 4
 204 5 4
 207 5 4
 209 5 4
 221 6 4
 225 6 4
 226 6 4
 245 6 4
 245 7 4
 251 7 4
 257 7 4
 267 7 4
 284 8 4
 290 8 4
 293 8 4
 302 8 4
 310 8 4
 328 8 4
 322 9 4
 334 9 4
 338 9 4
 341 9 4
 360 9 4
 366 9 4
 409 10 4
 422 11 4
 437 11 4
 441 11 4
 443 11 4
 445 11 4
 446 11 4
 450 11 4
 508 13 4
 511 13 4
 518 13 4
 522 14 4
 526 14 4
 538 14 4
 539 14 4
 554 14 4
 562 14 4
 568 14 4
 599 15 4
 616 16 4
 624 16 4
 629 16 4
 642 17 4
 653 17 4
 659 17 4
 697 18 4
 708 18 4
 713 18 4
 729 18 4
 730 19 4
 735 19 4
 737 19 4
 743 19 4
 747 19 4
 749 19 4
 752 19 4
 755 19 4
 765 20 4
 794 20 4
 805 20 4
 810 20 4
 802 21 4
 822 21 4
 823 21 4
 824 21 4
 828 21 4
 842 21 4
 845 21 4
 846 21 4
 850 22 4
 881 22 4
 886 23 4
 887 23 4
 893 23 4
 895 23 4
 901 23 4
 917 23 4
 934 24 4
 938 24 4
 939 24 4
 1020 26 4
 1022 26 4
 1047 26 4
 1049 26 4
 1054 27 4
 1058 27 4
 1066 27 4
 1073 27 4
 1079 27 4
 1085 28 4
 1087 28 4
 1117 28 4
 1123 29 4
 1125 29 4
 1129 29 4
 1142 29 4
 1145 29 4
 1161 29 4
 1187 30 4
 1193 30 4
 1205 30 4
 1206 30 4
 43 1 5
 198 5 5
 214 6 5
 286 7 5
 287 8 5
 366 10 5
 523 13 5
 552 14 5
 581 15 5
 773 20 5
 820 21 5
 915 23 5
 1076 27 5
 1091 28 5
 1166 30 5
 15 1 6
 32 1 6
 48 2 6
 85 3 6
 90 3 6
 110 3 6
 161 4 6
 205 5 6
 212 6 6
 244 6 6
 312 8 6
 360 9 6
 397 10 6
 410 10 6
 457 12 6
 546 14 6
 565 15 6
 568 15 6
 599 15 6
 634 16 6
 650 16 6
 671 17 6
 684 17 6
 690 18 6
 701 18 6
 716 18 6
 735 19 6
 849 22 6
 882 22 6
 889 22 6
 911 23 6
 916 23 6
 966 24 6
 997 25 6
 1010 26 6
 1013 26 6
 1082 27 6
 1098 28 6
 1127 29 6
 1177 30 6
 9 1 7
 19 1 7
 29 1 7
 78 2 7
 105 3 7
 123 3 7
 122 4 7
 144 4 7
 148 4 7
 157 4 7
 176 5 7
 198 5 7
 206 6 7
 234 6 7
 282 8 7
 285 8 7
 326 8 7
 383 10 7
 403 11 7
 436 11 7
 440 11 7
 445 11 7
 488 13 7
 516 13 7
 532 14 7
 538 14 7
 564 14 7
 562 15 7
 566 15 7
 594 15 7
 608 15 7
 624 16 7
 646 17 7
 649 17 7
 650 17 7
 688 17 7
 728 18 7
 747 19 7
 750 19 7
 761 19 7
 762 20 7
 769 20 7
 773 20 7
 828 21 7
 847 21 7
 855 22 7
 881 22 7
 887 22 7
 912 23 7
 923 23 7
 926 24 7
 975 25 7
 995 25 7
 1034 26 7
 1036 26 7
 1041 26 7
 1042 26 7
 1054 27 7
 1062 27 7
 1092 28 7
 1154 29 7
 1164 29 7
 1165 29 7
 1171 30 7
 1173 30 7
 1175 30 7
 9 1 8
 35 1 8
 46 1 8
 52 2 8
 53 2 8
 79 2 8
 90 3 8
 113 3 8
 128 3 8
 130 3 8
 138 4 8
 143 4 8
 165 4 8
 169 4 8
 177 5 8
 188 5 8
 193 5 8
 242 7 8
 256 7 8
 279 7 8
 281 8 8
 287 8 8
 387 10 8
 401 11 8
 414 11 8
 434 11 8
 436 11 8
 442 11 8
 473 12 8
 502 13 8
 505 13 8
 518 13 8
 520 13 8
 529 13 8
 524 14 8
 550 14 8
 564 14 8
 575 15 8
 589 15 8
 600 15 8
 603 16 8
 606 16 8
 611 16 8
 614 16 8
 615 16 8
 642 16 8
 643 17 8
 684 18 8
 710 18 8
 718 18 8
 720 18 8
 722 18 8
 723 19 8
 747 19 8
 761 20 8
 764 20 8
 768 20 8
 795 20 8
 797 20 8
 799 20 8
 816 21 8
 826 21 8
 835 21 8
 836 21 8
 845 21 8
 841 22 8
 858 22 8
 861 22 8
 864 22 8
 899 23 8
 907 23 8
 910 23 8
 927 24 8
 942 24 8
 945 24 8
 947 24 8
 956 24 8
 966 24 8
 967 25 8
 997 25 8
 1003 25 8
 1001 26 8
 1016 26 8
 1027 26 8
 1041 26 8
 1049 26 8
 1044 27 8
 1081 27 8
 1088 27 8
 1089 28 8
 1104 28 8
 1107 28 8
 1122 28 8
 1123 28 8
 1133 29 8
 1145 29 8
 1159 29 8
 1162 29 8
 1167 29 8
 1167 30 8
 1168 30 8
 1175 30 8
 1178 30 8
 1184 30 8
 1204 30 8
 37 1 9
 114 3 9
 401 10 9
 485 12 9
 818 21 9
 948 24 9
 1036 26 9
 32 1 10
 65 2 10
 153 4 10
 155 4 10
 180 5 10
 181 5 10
 329 9 10
 401 10 10
 432 11 10
 435 11 10
 460 12 10
 487 12 10
 484 13 10
 491 13 10
 593 15 10
 603 15 10
 610 16 10
 628 16 10
 763 19 10
 770 19 10
 775 20 10
 792 20 10
 844 21 10
 844 22 10
 883 23 10
 925 24 10
 930 24 10
 952 24 10
 996 25 10
 1005 25 10
 1016 26 10
 1069 27 10
 1072 27 10
 1130 28 10
 1185 30 10
 1189 30 10
 2 1 11
 31 1 11
 37 1 11
 45 1 11
 93 3 11
 110 3 11
 121 4 11
 124 4 11
 133 4 11
 135 4 11
 137 4 11
 140 4 11
 193 5 11
 204 5 11
 208 6 11
 221 6 11
 235 6 11
 259 7 11
 264 7 11
 281 7 11
 281 8 11
 327 8 11
 329 9 11
 351 9 11
 353 9 11
 363 9 11
 361 10 11
 375 10 11
 377 10 11
 403 11 11
 405 11 11
 410 11 11
 413 11 11
 439 11 11
 518 13 11
 529 14 11
 537 14 11
 564 14 11
 565 14 11
 571 15 11
 575 15 11
 580 15 11
 609 15 11
 619 16 11
 645 16 11
 686 18 11
 691 18 11
 710 18 11
 729 18 11
 757 19 11
 763 19 11
 767 19 11
 771 20 11
 773 20 11
 784 20 11
 809 20 11
 845 22 11
 862 22 11
 873 22 11
 889 23 11
 922 23 11
 928 24 11
 947 24 11
 983 25 11
 994 25 11
 1009 25 11
 1044 27 11
 1053 27 11
 1058 27 11
 1067 27 11
 1070 27 11
 1090 28 11
 1122 28 11
 1165 30 11
 1166 30 11
 1201 30 11
 1209 30 11
 42 2 12
 43 2 12
 49 2 12
 59 2 12
 61 2 12
 87 2 12
 90 3 12
 91 3 12
 100 3 12
 103 3 12
 114 3 12
 126 3 12
 124 4 12
 139 4 12
 148 4 12
 154 4 12
 160 4 12
 167 4 12
 163 5 12
 183 5 12
 205 6 12
 206 6 12
 286 8 12
 298 8 12
 299 8 12
 312 8 12
 319 8 12
 329 8 12
 326 9 12
 340 9 12
 341 9 12
 377 10 12
 382 10 12
 408 10 12
 407 11 12
 419 11 12
 430 11 12
 441 11 12
 442 11 12
 446 11 12
 522 13 12
 564 15 12
 692 18 12
 729 18 12
 774 20 12
 795 20 12
 796 20 12
 813 21 12
 819 21 12
 842 22 12
 865 22 12
 876 22 12
 881 22 12
 910 23 12
 925 24 12
 930 24 12
 935 24 12
 944 24 12
 947 24 12
 962 25 12
 966 25 12
 973 25 12
 981 25 12
 1004 25 12
 1009 25 12
 1017 26 12
 1026 26 12
 1028 26 12
 1033 26 12
 1034 26 12
 1040 26 12
 1072 27 12
 1117 28 12
 1128 29 12
 1152 29 12
 1162 29 12
 1168 29 12
 1165 30 12
 1185 30 12
 115 3 13
 152 4 13
 155 4 13
 168 4 13
 170 5 13
 176 5 13
 203 5 13
 207 5 13
 218 6 13
 231 6 13
 264 7 13
 265 7 13
 276 7 13
 286 7 13
 290 7 13
 292 8 13
 309 8 13
 330 9 13
 334 9 13
 336 9 13
 368 10 13
 382 10 13
 403 10 13
 402 11 13
 404 11 13
 436 11 13
 439 11 13
 466 12 13
 469 12 13
 471 12 13
 476 12 13
 478 12 13
 486 13 13
 517 13 13
 569 14 13
 568 15 13
 573 15 13
 579 15 13
 614 16 13
 628 16 13
 629 16 13
 632 16 13
 635 16 13
 648 17 13
 649 17 13
 664 17 13
 669 17 13
 673 17 13
 686 17 13
 703 18 13
 710 18 13
 712 18 13
 738 19 13
 760 19 13
 767 20 13
 769 20 13
 800 20 13
 804 21 13
 813 21 13
 826 21 13
 844 21 13
 894 23 13
 895 23 13
 898 23 13
 922 23 13
 923 23 13
 927 23 13
 954 24 13
 963 24 13
 1010 26 13
 1023 26 13
 1047 26 13
 1082 27 13
 1084 27 13
 1082 28 13
 1093 28 13
 1096 28 13
 1101 28 13
 1114 28 13
 1125 29 13
 1129 29 13
 1145 29 13
 1164 30 13
 1192 30 13
 1204 30 13
 1205 30 13
 1206 30 13
 15 1 14
 25 1 14
 55 1 14
 80 3 14
 143 4 14
 193 5 14
 209 5 14
 225 6 14
 226 6 14
 298 7 14
 350 9 14
 414 11 14
 436 11 14
 485 13 14
 502 13 14
 529 14 14
 564 14 14
 589 15 14
 592 15 14
 593 15 14
 605 15 14
 679 18 14
 680 18 14
 706 18 14
 784 20 14
 872 22 14
 923 24 14
 1003 26 14
